ARMA_MAT_TXT_FN008
100 3
   1.0000000000000000e+00   0.0000000000000000e+00   0.0000000000000000e+00
   1.0000000000000000e+00   0.0000000000000000e+00   0.0000000000000000e+00
   1.0000000000000000e+00   0.0000000000000000e+00   0.0000000000000000e+00
   1.0000000000000000e+00   0.0000000000000000e+00   0.0000000000000000e+00
   1.0000000000000000e+00   0.0000000000000000e+00   0.0000000000000000e+00
   0.0000000000000000e+00   1.0000000000000000e+00   0.0000000000000000e+00
   0.0000000000000000e+00   1.0000000000000000e+00   0.0000000000000000e+00
   0.0000000000000000e+00   1.0000000000000000e+00   0.0000000000000000e+00
   0.0000000000000000e+00   1.0000000000000000e+00   0.0000000000000000e+00
   0.0000000000000000e+00   1.0000000000000000e+00   0.0000000000000000e+00
   0.0000000000000000e+00   0.0000000000000000e+00   1.0000000000000000e+00
   0.0000000000000000e+00   0.0000000000000000e+00   1.0000000000000000e+00
   0.0000000000000000e+00   0.0000000000000000e+00   1.0000000000000000e+00
   0.0000000000000000e+00   0.0000000000000000e+00   1.0000000000000000e+00
   0.0000000000000000e+00   0.0000000000000000e+00   1.0000000000000000e+00
   2.7878408536283310e-02   2.8085920827294264e-01   6.9126238319077404e-01
   2.8274143718363082e-01   3.8673087680035074e-03   7.1339125404836568e-01
   6.5792205617552990e-01   2.8581584493392309e-01   5.6262098890547001e-02
   5.3083150953260105e-01   3.5976549014846060e-01   1.0940300031893842e-01
   7.2695692037028925e-01   1.7776602712507469e-01   9.5277052504636042e-02
   2.5375460471096323e-01   3.5980970584134181e-01   3.8643568944769502e-01
   7.4045547348876406e-01   1.4021333369841699e-01   1.1933119281281888e-01
   1.0185168875259910e-03   1.5797224575822062e-05   9.9896568588789814e-01
   2.1351212704543512e-01   8.7764979131733603e-02   6.9872289382283126e-01
   1.4051702741794541e-04   8.2539738108096938e-01   1.7446210189161274e-01
   9.5482500802197987e-02   8.2691152306007287e-01   7.7605976137729016e-02
   3.5650177455957718e-04   6.0266418828695389e-01   3.9697930993848657e-01
   5.5730548734041201e-02   9.3703331151189262e-01   7.2361397540662052e-03
   9.3559009196552145e-01   4.1061272960427352e-02   2.3348635074051216e-02
   8.4306395758116504e-01   8.9544660554865194e-02   6.7391381863969729e-02
   7.0317949724391460e-01   1.6617811766996918e-01   1.3064238508611623e-01
   8.8723302240937496e-01   2.4158631524523896e-03   1.1035111443817265e-01
   6.1071706263681935e-01   3.0535731073017153e-01   8.3925626633009079e-02
   8.5831752018795476e-02   9.0715667856872939e-01   7.0115694124751804e-03
   3.7016222708883773e-01   3.6453081464792383e-02   5.9338469144636996e-01
   5.3305909907154092e-01   3.8496567033795787e-01   8.1975230590501255e-02
   1.8476366652622209e-01   1.1233354305070356e-01   7.0290279042307424e-01
   5.7292062028959201e-01   4.1608291422008409e-01   1.0996465490323877e-02
   6.1153685803323254e-01   2.4813891523663736e-01   1.4032422673013020e-01
   2.5529587757066163e-01   7.2253869972153917e-01   2.2165422707799056e-02
   3.9092197390153177e-01   4.2636919341322999e-01   1.8270883268523821e-01
   1.7537122488847748e-01   1.3644047624549002e-01   6.8818829886603250e-01
   9.4932483282774371e-02   4.9153850076122846e-01   4.1352901595599717e-01
   4.5102493026514057e-01   3.2556400662818502e-01   2.2341106310667430e-01
   5.0484298822259366e-01   1.8449876164375839e-01   3.1065825013364790e-01
   3.1082225519674767e-02   9.4840532168697234e-01   2.0512452793352825e-02
   8.4480650425108195e-01   8.8076535869227784e-02   6.7116959879690144e-02
   8.1103085908513206e-01   1.8895488600347904e-01   1.4254911388990448e-05
   9.7050518163888011e-01   5.9644577540582059e-03   2.3530360607061755e-02
   6.7980036861365234e-01   2.8410088256619093e-01   3.6098748820156776e-02
   7.9314616165733539e-03   4.1370387422439033e-04   9.9165483450920222e-01
   3.5173990710443775e-02   9.5690461235966517e-01   7.9213969298909774e-03
   5.1564899273194732e-03   5.9585550763590032e-02   9.3525795930909050e-01
   5.7498880060748336e-01   3.6474674743613145e-01   6.0264451956385308e-02
   7.2668113364289899e-01   2.6634313474726645e-01   6.9757316098346140e-03
   1.2406571693665888e-01   7.5846117516242617e-01   1.1747310790091492e-01
   3.7140476214667199e-02   8.9398727639608444e-01   6.8872247389248298e-02
   5.9975852960901588e-01   2.8592331337298033e-01   1.1431815701800384e-01
   2.1947681644792938e-01   2.6819404541246993e-02   7.5370377901082364e-01
   2.0301073873449330e-02   5.0991221252748749e-03   9.7459980400127566e-01
   6.2815887847291529e-01   2.2268692450218738e-01   1.4915419702489732e-01
   4.3246508373331993e-01   5.3270252389593842e-01   3.4832392370741705e-02
   2.7387521327259912e-01   7.0959590786251658e-01   1.6528878864884321e-02
   3.9669543732337209e-01   3.0559637443579363e-01   2.9770818824083428e-01
   2.5636654432733341e-01   6.7005425158161447e-01   7.3579204091052147e-02
   4.2701929149886976e-03   9.8363856515573167e-01   1.2091241929279599e-02
   1.9167620880589797e-01   4.9589751167621859e-01   3.1242627951788360e-01
   7.8682642622649068e-01   1.3941311403109347e-01   7.3760459742415935e-02
   1.7965801953251669e-02   9.3727982987640179e-01   4.4754368170346441e-02
   1.7523468539375822e-01   9.4798549626515238e-03   8.1528545964359034e-01
   4.6081046740563897e-01   8.4747872433456588e-03   5.3071474535101537e-01
   6.7287115998516681e-02   1.5260477482425452e-01   7.8010810917722873e-01
   1.4990597308779444e-02   1.0108295193857841e-01   8.8392645075264220e-01
   2.0805684177260228e-01   6.8529505023430404e-01   1.0664810799309370e-01
   8.5910892620069873e-02   1.8202512524529083e-01   7.3206398213463919e-01
   1.8844987216837792e-03   5.9621969827179144e-01   4.0189580300652489e-01
   3.0922382056400177e-01   2.5014335708083129e-02   6.6576184372791503e-01
   1.9915157258971983e-01   1.0374704373819879e-01   6.9710138367208141e-01
   2.4419038493119362e-02   3.7650140441618157e-01   5.9907955709069916e-01
   5.2439022732049707e-02   1.0597343801088842e-01   8.4158753925706176e-01
   2.9028883971553349e-01   7.0744951971403591e-01   2.2616405704307678e-03
   2.2770495026812240e-01   2.0032210621109409e-02   7.5226283911076819e-01
   4.5559942619549382e-01   4.1339769223915113e-01   1.3100288156535503e-01
   2.6806107377489169e-01   3.5322618238352199e-01   3.7871274384158621e-01
   6.1309102263966730e-01   2.9583490163130827e-01   9.1074075729024359e-02
   5.2958682560471282e-01   5.7855402172462739e-02   4.1255777222282430e-01
   4.3426679363636667e-01   2.2829781283249778e-01   3.3743539353113561e-01
   5.7448819671380380e-02   1.3693959599662778e-01   8.0561158433199198e-01
   7.9346027053759061e-01   1.8202972401049111e-01   2.4510005451918226e-02
   6.1219561712510440e-01   3.6137042453122337e-01   2.6433958343672209e-02
   1.3520015058047044e-01   3.3990854925254527e-02   8.3080899449427503e-01
   2.1824369971993135e-01   7.6875097604721476e-01   1.3005324232853784e-02
   6.1665471530859739e-01   3.7339550850381614e-01   9.9497761875864763e-03
   1.3652059103900933e-05   3.1976752901646488e-01   6.8021881892443115e-01
   5.3874935777308297e-01   8.3876682426605079e-02   3.7737395980031191e-01
   5.8037578853362748e-02   1.1740855406190651e-01   8.2455386708473066e-01
   7.3614860351333711e-01   2.3641002291113947e-01   2.7441373575523481e-02
   8.6737384276427566e-03   1.3198117497137374e-01   8.5934508660098363e-01
   2.4459362924071090e-04   3.1690302259248293e-01   6.8285238377827639e-01
   6.5387537968260823e-01   3.4295258407795998e-01   3.1720362394318056e-03
