ARMA_MAT_TXT_FN008
300 3
   9.8158655851483456e-01   1.7586931492588956e-02   8.2650999257644162e-04
   9.8541946293077631e-01   2.7830625277564993e-03   1.1797474541467122e-02
   9.8771761730506547e-01   1.7483623587092749e-04   1.2107546459063645e-02
   9.9236016436862096e-01   4.1187896178650953e-03   3.5210460135139867e-03
   9.3332356419041340e-01   5.8757788454338614e-02   7.9186473552479101e-03
   9.5801564184020027e-01   1.8619478646333808e-02   2.3364879513465931e-02
   9.8754721743744589e-01   1.6695448537741063e-03   1.0783237708780053e-02
   9.7923701243851791e-01   5.9246479163230668e-03   1.4838339645158967e-02
   9.9038795425459003e-01   9.3627291375659380e-03   2.4931660784393076e-04
   9.7436707063727002e-01   1.5439788855595446e-02   1.0193140507134674e-02
   9.9447349132688001e-01   1.0490962880985340e-03   4.4774123850213751e-03
   9.8712075527762344e-01   2.1690766813561042e-03   1.0710168041020410e-02
   9.8040574689529414e-01   1.2257387463151765e-02   7.3368656415541654e-03
   9.8182703625521328e-01   6.2707161807704064e-03   1.1902247564016295e-02
   9.6081165067941798e-01   9.9825920444930540e-04   3.8190090116132801e-02
   9.8940542215396299e-01   2.2852731834736265e-03   8.3093046625632664e-03
   9.6204813437489201e-01   3.4347855905369699e-02   3.6040097197382387e-03
   9.7271788002606707e-01   3.5785231397137012e-03   2.3703596834219215e-02
   9.9636134335927362e-01   3.5900119337053614e-03   4.8644707020925195e-05
   9.6132280585173857e-01   1.1192720692969255e-02   2.7484473455292213e-02
   9.5834443286227733e-01   3.9528958171489242e-02   2.1266089662333974e-03
   9.7863001006028116e-01   1.4653627271677907e-02   6.7163626680408319e-03
   9.9492072021940570e-01   3.3634838107064074e-03   1.7157959698878217e-03
   9.8803205777892977e-01   2.8280223630708212e-03   9.1399198579995341e-03
   9.7059851952327114e-01   7.9844139738249956e-03   2.1417066502903977e-02
   9.5666709584572529e-01   2.6124645860750705e-02   1.7208258293523928e-02
   9.7991537904275405e-01   4.5025448911735532e-03   1.5582076066072370e-02
   9.5227175268161013e-01   4.6236913596008143e-02   1.4913337223817920e-03
   9.8683863798193927e-01   4.9794134754225176e-03   8.1819485426382448e-03
   9.4315492414395297e-01   4.2480203766205760e-02   1.4364872089841307e-02
   9.9292896468787728e-01   5.1381450065905512e-03   1.9328903055321931e-03
   9.7394997269611905e-01   1.3004782579817752e-02   1.3045244724063269e-02
   9.9723003894466100e-01   6.5706248271332605e-04   2.1128985726256533e-03
   9.9434561434305624e-01   3.5941910173155263e-04   5.2949665552121800e-03
   9.8254497559845544e-01   8.9458826252125957e-03   8.5091417763319965e-03
   9.7231208440939154e-01   1.6161433741178687e-02   1.1526481849429846e-02
   9.8972712336447477e-01   6.6857930995704801e-03   3.5870835359546431e-03
   9.6884367792269754e-01   8.3917848395796621e-03   2.2764537237722805e-02
   9.7852004456050068e-01   4.3026086501891450e-03   1.7177346789310016e-02
   9.7524854597426447e-01   1.7304193766633981e-02   7.4472602591015256e-03
   9.8888239526690547e-01   4.9251764873099626e-04   1.0625087084363537e-02
   9.9295550727476012e-01   1.2077458840828836e-03   5.8367468411570150e-03
   9.7036938176415122e-01   3.5188704709705771e-03   2.6111747764878332e-02
   9.8164071332655745e-01   1.9877684288928110e-03   1.6371518244549774e-02
   9.8831050368363360e-01   9.2024887762587257e-03   2.4870075401076984e-03
   9.5961354875344418e-01   1.6484674500957395e-02   2.3901776745598374e-02
   9.7974077345262145e-01   1.7947678435366880e-02   2.3115481120117225e-03
   9.5532932980433771e-01   7.6517611340622838e-03   3.7018909061599894e-02
   9.6058362713251455e-01   3.1333067172058159e-02   8.0833056954273293e-03
   9.8182579982514118e-01   3.3238619486386759e-03   1.4850338226220144e-02
   9.8654962332026286e-01   9.1612867596231641e-03   4.2890899201139324e-03
   9.7688010043348827e-01   1.6344521065421003e-02   6.7753785010907022e-03
   9.8564075473541435e-01   1.1936918253769708e-02   2.4223270108158900e-03
   9.9302143692754030e-01   1.2124774220573340e-03   5.7660856504023490e-03
   9.8185608027773397e-01   6.4454910497377645e-03   1.1698428672528328e-02
   9.8468343077615050e-01   7.7878000062931128e-03   7.5287692175563647e-03
   9.8558108226057628e-01   1.2043490483979491e-02   2.3754272554442290e-03
   9.7063865598980481e-01   2.0814441641951880e-02   8.5469023682433042e-03
   9.8429518295948448e-01   9.7276617620063611e-03   5.9771552785090080e-03
   9.9244985091501048e-01   1.6259412926634507e-03   5.9242077923261222e-03
   3.0573447460428418e-02   9.6364120304352496e-01   5.7853494960466243e-03
   2.4354219899663521e-02   9.5151846993517197e-01   2.4127310165164426e-02
   3.1450008542041483e-02   9.5659988548675012e-01   1.1950105971208515e-02
   1.9465587857015292e-03   9.7533050376005492e-01   2.2722937454243600e-02
   2.5091945966046608e-03   9.6297046682304055e-01   3.4520338580354852e-02
   1.0863216303524251e-02   9.8730023823248358e-01   1.8365454639922699e-03
   2.4180803782945159e-03   9.8326007395258885e-01   1.4321845669116592e-02
   1.1806799692398319e-02   9.8389720164848560e-01   4.2959986591159629e-03
   1.9976011310046400e-02   9.7530325278735930e-01   4.7207359025942955e-03
   7.5955769451510032e-03   9.8843991367525141e-01   3.9645093795976976e-03
   1.6703317690708604e-02   9.7304493690165950e-01   1.0251745407631796e-02
   5.6342563258598606e-03   9.8098410713890039e-01   1.3381636535239733e-02
   1.1898483323455914e-02   9.8601999319040401e-01   2.0815234861400818e-03
   7.7588586633112432e-03   9.7463456086831224e-01   1.7606580468376574e-02
   1.4369481374935570e-02   9.7405967575829155e-01   1.1570842866772884e-02
   1.7446299004921090e-02   9.6887725582238315e-01   1.3676445172695754e-02
   1.3180939708273094e-02   9.8575552242826892e-01   1.0635378634580275e-03
   3.5224101931037866e-03   9.9546066111882281e-01   1.0169286880733768e-03
   2.3651262234295790e-02   9.4857924483032141e-01   2.7769492935382802e-02
   7.1361284832637956e-03   9.8597031249596889e-01   6.8935590207674048e-03
   3.0889900160237366e-02   9.5087196536083041e-01   1.8238134478932341e-02
   2.5724101205442601e-03   9.9499438984925304e-01   2.4332000302026507e-03
   7.3380932459401484e-04   9.7811270074284773e-01   2.1153489932558334e-02
   5.1293954746837456e-03   9.7354537420251530e-01   2.1325230322801050e-02
   1.8737366390905459e-03   9.9039672733929351e-01   7.7295360216159794e-03
   7.3088283940520916e-04   9.9039986916408884e-01   8.8692479965059058e-03
   9.0663062797639062e-03   9.9073463297010789e-01   1.9906075012810425e-04
   1.6186945844548394e-02   9.7732071515383456e-01   6.4923390016171636e-03
   6.5016256702272492e-03   9.7341816650630708e-01   2.0080207823465701e-02
   9.8697456139295384e-03   9.8552734824578347e-01   4.6029061402869447e-03
   1.1687940229156367e-02   9.8037946219223382e-01   7.9325975786097205e-03
   2.4818976365685971e-03   9.9742445893468423e-01   9.3643428747208795e-05
   4.0358042071510980e-03   9.7948072833158839e-01   1.6483467461260455e-02
   7.4420812942793237e-03   9.8300303791149080e-01   9.5548807942298121e-03
   7.3168132266515978e-03   9.6430190941615834e-01   2.8381277357190149e-02
   2.1624162414211841e-02   9.6229562511489042e-01   1.6080212470897703e-02
   2.6571099273748843e-03   9.9316563509576028e-01   4.1772549768648260e-03
   8.4945241433094995e-03   9.9034500159689898e-01   1.1604742597914677e-03
   1.1673318975451194e-02   9.7496095946029337e-01   1.3365721564255535e-02
   1.3453045849105636e-03   9.9631964337933832e-01   2.3350520357510785e-03
   6.5972243414628958e-03   9.8900416697007776e-01   4.3986086884594275e-03
   1.6254570962258692e-02   9.7806544409509955e-01   5.6799849426417935e-03
   7.8055546816838918e-03   9.8833141952437975e-01   3.8630257939364109e-03
   1.4474967600385753e-02   9.7469547251718092e-01   1.0829559882433231e-02
   4.3980025736495461e-03   9.7132103800747027e-01   2.4280959418880241e-02
   1.6857510028344628e-02   9.8306720267618253e-01   7.5287295472870549e-05
   1.3471498355018829e-03   9.8321167709750557e-01   1.5441173066992621e-02
   4.3853115048351390e-02   9.4476891620278336e-01   1.1377968748865250e-02
   1.2466004002128928e-03   9.8468590297805791e-01   1.4067496621729219e-02
   2.3727338303689677e-03   9.9067468363898814e-01   6.9525825306428366e-03
   9.1706858014271896e-04   9.8621695322076208e-01   1.2865978199095213e-02
   1.1431204417575768e-02   9.7892231141714015e-01   9.6464841652841044e-03
   1.8225055196375888e-02   9.7346347903239183e-01   8.3114657712322956e-03
   2.8933353290292343e-03   9.9105565953477648e-01   6.0510051361943032e-03
   4.7813264232243928e-03   9.9076333112701975e-01   4.4553424497558482e-03
   1.3584060318784462e-03   9.9301259202016356e-01   5.6290019479580469e-03
   8.2076164381432587e-03   9.8836283075629117e-01   3.4295528055654999e-03
   2.2962290235692697e-03   9.9324131812178229e-01   4.4624528546484479e-03
   1.2504608430008359e-03   9.9471995602794439e-01   4.0295831290547961e-03
   1.0840682089012869e-02   9.8443059193113747e-01   4.7287259798496958e-03
   1.4003273853769914e-02   8.8543121665872002e-03   9.7714241397964297e-01
   8.7920798129040908e-03   1.8650163298233355e-03   9.8934290385727253e-01
   5.3523036195089171e-04   1.4767046479256876e-03   9.9798806499012338e-01
   2.7738448749865920e-03   6.4921872308482962e-03   9.9073396789416512e-01
   5.0277723828873648e-03   3.5865211677514361e-03   9.9138570644936119e-01
   4.7734697629413195e-02   6.6221819101936624e-04   9.5160308417956740e-01
   6.5150848909900274e-03   5.9845497978548200e-03   9.8750036531115515e-01
   3.7132890421491854e-03   2.1660537781780370e-03   9.9412065717967280e-01
   1.1651880328170688e-02   7.4847889456643385e-03   9.8086333072616505e-01
   3.6193760821995984e-03   5.4440316872334683e-03   9.9093659223056685e-01
   1.1535702064578849e-03   2.1014942341768387e-03   9.9674493555936527e-01
   4.9012054236639005e-03   1.4902080015021867e-02   9.8019671456131430e-01
   7.6097157117713549e-03   8.6525144736950017e-03   9.8373776981453376e-01
   3.1883301048170158e-03   1.2971932983192570e-05   9.9679869796219978e-01
   2.0432816438209093e-02   3.0763727346129532e-02   9.4880345621566131e-01
   1.2752378655284474e-02   8.1376671468883117e-03   9.7910995419782720e-01
   1.0659309870583562e-02   4.5021962931490449e-03   9.8483849383626743e-01
   1.4036987663492546e-02   7.6859087924142852e-03   9.7827710354409314e-01
   1.4022160154161526e-02   1.0431072760501143e-03   9.8493473256978847e-01
   1.6243508447483471e-02   5.3493559322391844e-03   9.7840713562027737e-01
   5.3854489009739625e-04   4.0912728339755053e-02   9.5854872677014757e-01
   2.8610956908810383e-03   9.1499802972686162e-03   9.8798892401185034e-01
   1.0222774684824179e-02   2.3357968933508850e-02   9.6641925638166692e-01
   9.1346216822502380e-03   5.1473788485330019e-03   9.8571799946921668e-01
   1.8175374889374003e-02   9.9051142810657345e-03   9.7191951082956030e-01
   1.4994080618362441e-02   2.3821431965603059e-04   9.8476770506198152e-01
   2.1255306420320092e-03   1.0789750369095219e-03   9.9679549432105841e-01
   1.2727402671051855e-02   3.8602596766289209e-02   9.4867000056265893e-01
   6.6129512571169106e-04   1.6726412082375838e-02   9.8261229279191253e-01
   1.8903009610098952e-02   8.8465014297803776e-03   9.7225048896012067e-01
   1.0483067725692338e-02   9.3991214820446090e-03   9.8011781079226312e-01
   2.7257095520219789e-02   1.7648370547105525e-03   9.7097806742506965e-01
   7.3734817555296407e-04   1.7108166516789893e-02   9.8215448530765714e-01
   3.4653131863435498e-03   2.0437181543327926e-02   9.7609750527032857e-01
   8.6124253982620136e-03   6.2723948960537743e-03   9.8511517970568430e-01
   1.6581571753128334e-02   8.5442697888191718e-04   9.8256400126798971e-01
   1.3437739605961913e-03   3.1763091037947983e-03   9.9547991693560900e-01
   2.3916908535390061e-03   5.2647404122375886e-04   9.9708183510523718e-01
   7.0333079491194331e-03   8.9341350520518673e-04   9.9207327854567540e-01
   1.1365460465725294e-02   3.3992798623785486e-02   9.5464174091048926e-01
   1.1444863099064766e-02   1.2335068947774672e-02   9.7622006795316052e-01
   4.3315986896834066e-03   1.2465304889873711e-02   9.8320309642044279e-01
   4.5692451331567317e-03   6.7365618510757752e-03   9.8869419301576744e-01
   7.8664129130800401e-03   6.1897295456287025e-03   9.8594385754129121e-01
   7.9753223864214380e-04   9.4437480432844024e-05   9.9910803028092499e-01
   1.5624409572843667e-02   7.0544309902782583e-03   9.7732115943687814e-01
   1.1883025627978249e-02   2.8683764978336664e-03   9.8524859787418817e-01
   3.1071768073554648e-02   1.0074481599112947e-03   9.6792078376653412e-01
   2.2519744281793287e-03   3.8755975190233626e-03   9.9387242805279730e-01
   1.1997770444716269e-02   9.6811033830659088e-03   9.7832112617221789e-01
   1.2219210807974673e-02   4.5093433310766156e-03   9.8327144586094872e-01
   1.4001904571035831e-02   6.2617161080877736e-03   9.7973637932087632e-01
   5.6095791146421299e-03   1.1412374012322478e-02   9.8297804687303547e-01
   1.2538549826266081e-02   6.1979221328414278e-03   9.8126352804089245e-01
   1.1082196945847020e-02   7.6740553744344270e-03   9.8124374767971856e-01
   1.3548531068622725e-02   1.0905548339366055e-02   9.7554592059201117e-01
   2.4792345228161817e-03   2.2997346177736455e-03   9.9522103085941027e-01
   1.2902787639074023e-03   9.8559605412767894e-03   9.8885376069481579e-01
   3.9851877778949397e-03   1.0809063781206473e-02   9.8520574844089859e-01
   1.9458741365313667e-03   2.9090371178843604e-03   9.9514508874558427e-01
   7.3305140185809559e-01   2.4840439048650290e-01   1.8544207655401559e-02
   7.8351341025195087e-01   3.5418053206764714e-02   1.8106853654128452e-01
   8.5053609780113854e-03   1.5403793368797394e-01   8.3745670533401462e-01
   9.5618026338489329e-02   8.4891588515738969e-01   5.5466088504121006e-02
   6.7996652103998897e-02   9.0083013167654913e-01   3.1173216219452026e-02
   2.3792418358907558e-01   3.1105512683975178e-01   4.5102068957117258e-01
   9.6947284528088518e-01   3.7791995114664005e-03   2.6747955207648486e-02
   9.4318683399727188e-01   2.6489195161807658e-02   3.0323970840920374e-02
   3.5301404686377885e-03   3.5770096189637735e-05   9.9643408943517253e-01
   7.3537199108923490e-01   1.7425728609039951e-04   2.6445375162467477e-01
   8.8324117929763435e-01   1.1480359607197720e-01   1.9552246303885515e-03
   1.9323712293925481e-02   6.0167611605481663e-01   3.7900017165125788e-01
   9.1928270358192110e-01   6.5156866886593974e-03   7.4201609729419568e-02
   3.8569633135462233e-01   2.0145526684706860e-01   4.1284840179830906e-01
   2.0905691515123095e-01   1.0020983775711589e-01   6.9073324709165307e-01
   6.3546542938734085e-01   4.3083995003713502e-02   3.2145057560894558e-01
   7.5566801235442882e-01   2.3978818013800268e-01   4.5438075075685059e-03
   5.6900361132916279e-02   2.8808845100722830e-01   6.5501118785985546e-01
   8.6920027499686071e-03   3.6837738851508850e-01   6.2293060873494299e-01
   3.0871517778473745e-01   8.2622174656768171e-03   6.8302260474958576e-01
   1.9870618140122021e-01   2.9390551113651325e-02   7.7190326748512839e-01
   2.6287645033358809e-01   7.3167188200978139e-01   5.4516676566304968e-03
   5.8457751862498797e-01   5.7197745783152558e-02   3.5822473559185952e-01
   4.7275395111367358e-02   2.4118271621814506e-02   9.2860633326681818e-01
   8.0368532129749826e-01   5.0959961807880240e-02   1.4535471689462154e-01
   6.1812439337587000e-01   3.3382266374949709e-01   4.8052942874632729e-02
   7.4473395278546661e-01   1.6196019757307378e-01   9.3305849641459632e-02
   4.0815175558162115e-01   4.7041002185545239e-01   1.2143822256292665e-01
   4.8074030424618541e-01   4.9296974161876655e-01   2.6289954135048123e-02
   5.5483442563113515e-02   3.2799210284665242e-01   6.1652445459023408e-01
   1.9432531424274130e-03   4.4837227957365522e-01   5.4968446728391729e-01
   4.1406341274922825e-01   5.6784979180902451e-01   1.8086795441747402e-02
   2.3539069551181629e-01   4.0805087690176334e-01   3.5655842758642026e-01
   7.6175354013424290e-01   1.0405390268045310e-01   1.3419255718530407e-01
   5.1734719837656939e-01   4.8102310515824875e-01   1.6296964651819519e-03
   1.3003178790901617e-02   1.0461293352613452e-01   8.8238388768296394e-01
   2.7746955871470209e-02   8.1520220839776691e-01   1.5705083573076284e-01
   8.9836326558518342e-01   8.2074577060075163e-02   1.9562157354741476e-02
   4.8114499655320225e-01   5.1884020227262273e-01   1.4801174174993019e-05
   2.9407354366958399e-01   7.0279517343337350e-01   3.1312828970425826e-03
   4.5662938014954180e-01   3.2905528704493214e-01   2.1431533280552598e-01
   3.5570009475459513e-01   2.3122424357360388e-03   6.4198766280966890e-01
   5.7797399130304433e-02   9.3413742690998325e-01   8.0651739597124572e-03
   5.7358641496247177e-02   5.6905214791540426e-01   3.7358921058834849e-01
   3.0345084813488582e-01   1.5500532061745934e-01   5.4154383124765482e-01
   9.5087890207282788e-01   8.8760617602679660e-03   4.0245036166904204e-02
   1.9225796717998703e-05   6.6275200771958642e-02   9.3370557343132343e-01
   4.9736518363844362e-01   8.4138383779076759e-02   4.1849643258247959e-01
   2.5483367241222193e-01   2.9143638357712881e-01   4.5372994401064931e-01
   1.0355989186068168e-01   2.1687269530659505e-02   8.7475283860865882e-01
   5.3415050144541405e-02   4.7194834881960007e-01   4.7463660103585847e-01
   3.2696331431235498e-01   5.5715530276797098e-01   1.1588138291967401e-01
   7.3504816034829590e-01   3.4073008851331459e-02   2.3087883080037264e-01
   1.1890025904118126e-01   3.6209824968909343e-02   8.4488991598990937e-01
   1.1541340721426578e-01   7.5331013548837922e-01   1.3127645729735496e-01
   1.2553978698245039e-01   7.5043402071077425e-01   1.2402619230677538e-01
   5.9249261331868264e-01   2.3614962041235962e-01   1.7135776626895768e-01
   4.1714638955866257e-01   5.2755796308439928e-01   5.5295647356938066e-02
   5.4001084595883438e-03   6.5448388411857727e-01   3.4011600742183451e-01
   9.6078661393776583e-03   6.7949981689405048e-01   3.1089231696657182e-01
   1.4664474447424564e-01   5.5749327211811328e-01   2.9586198340764114e-01
   5.4842167346969606e-01   1.3988260044361903e-01   3.1169572608668478e-01
   6.8764930411755387e-01   2.0861691340015254e-01   1.0373378248229367e-01
   8.9017889080198553e-01   7.2265590060587651e-02   3.7555519137426760e-02
   6.2781167156822060e-01   3.5171180645873878e-01   2.0476521973040548e-02
   6.5127398836093531e-01   2.1596980008864813e-01   1.3275621155041667e-01
   5.6965585703347010e-01   2.3263291468748906e-01   1.9771122827904097e-01
   4.8154511878368444e-02   1.0038974074482745e-01   8.5145574737680418e-01
   3.3204903371928801e-01   1.9116415338083734e-01   4.7678681289987457e-01
   3.1558394715556926e-01   2.4461461646051511e-01   4.3980143638391556e-01
   8.5911043756452629e-02   1.2182011959477244e-01   7.9226883664877490e-01
   6.8146461551843995e-01   5.6415698896204555e-02   2.6211968558535553e-01
   3.5230579377782134e-01   2.8510441046849470e-03   6.4484316211749371e-01
   4.6338030342335038e-02   2.9235264800746619e-02   9.2442670485691836e-01
   4.7883609746230615e-01   3.1905619005517760e-01   2.0210771248251630e-01
   3.0887652574498081e-01   4.3250068941777770e-01   2.5862278483724155e-01
   5.1541962880758373e-02   2.6590745961107409e-01   6.8255057750816761e-01
   6.4831066075286131e-02   1.3912497756846487e-01   7.9604395635624903e-01
   8.4090732537405533e-01   1.5792973971424959e-01   1.1629349116951625e-03
   2.8044402213682246e-01   7.1835952083376775e-01   1.1964570294098530e-03
   1.0183265969849044e-01   8.6090254757828633e-01   3.7264792723223236e-02
   6.7427258395928125e-01   3.2556279161487223e-01   1.6462442584660864e-04
   4.4332157308806927e-03   9.9423450902605026e-01   1.3322752430691860e-03
   3.9605886026586046e-02   1.5017915439812063e-01   8.1021495957529333e-01
   4.7491379668452027e-01   5.0682133681569197e-01   1.8264866499787584e-02
   3.1481404614470333e-02   6.1910114540459693e-01   3.4941744998093283e-01
   6.5036060112468441e-01   1.2075106080014854e-01   2.2888833807516695e-01
   7.2929507086463674e-01   2.1458091291108636e-01   5.6124016224276908e-02
   5.4542683398340640e-02   1.4278779860213295e-02   9.3117853674144613e-01
   9.1321018400111154e-01   8.0726584041086055e-02   6.0632319578023848e-03
   5.7153600518071457e-01   3.1139238637994171e-01   1.1707160843934375e-01
   6.1159448208867852e-02   5.4416212640917461e-01   3.9467842538195752e-01
   8.0407029002983033e-01   1.6717548784429390e-01   2.8754222125875840e-02
   5.5405874458078859e-03   2.2439499795208070e-01   7.7006441460211139e-01
   1.2377159597060906e-02   2.0689241408365325e-01   7.8073042631928580e-01
   2.2151703688138482e-03   7.3308635713012160e-01   2.6469847250106443e-01
   5.5370389482411697e-01   1.9118410549993269e-02   4.2717769462588967e-01
   1.4550829414956556e-01   8.3223628201435107e-01   2.2255423836083203e-02
   7.0888062170155738e-02   3.1062754453047192e-01   6.1848439329937233e-01
   6.3789268651112851e-01   5.5256313153213416e-02   3.0685100033565810e-01
   1.3661371789054391e-01   8.6307827409334825e-01   3.0800801610785010e-04
   4.8958580813837826e-01   3.1109007081427220e-01   1.9932412104734945e-01
   7.4005457220430015e-01   2.2948686485080716e-01   3.0458562944892624e-02
   3.2001874922062773e-01   2.1126179981683524e-01   4.6871945096253692e-01
   4.4800343451339025e-01   4.2394029009255776e-02   5.0960253647735387e-01
   3.3659268644030749e-01   2.0292700452074439e-01   4.6048030903894804e-01
   5.7887507147806416e-01   1.6395704325803737e-01   2.5716788526389850e-01
   4.3276589107538760e-01   5.6470409991315973e-01   2.5300090114525565e-03
   2.0924420281650613e-01   1.2704078932989218e-01   6.6371500785360160e-01
   9.9864931052648298e-01   1.7270593734717803e-04   1.1779835361698768e-03
   5.1645672107597573e-02   1.2915558774865474e-01   8.1919874014374772e-01
   8.3358830595412992e-02   2.8612537538606556e-03   9.1377991565072636e-01
   7.7517998121122311e-01   6.5056917105456857e-02   1.5976310168332006e-01
   6.1911217607009283e-01   5.1413106029315044e-02   3.2947471790059213e-01
   2.1893883824627775e-02   8.6092526922476709e-01   1.1718084695060516e-01
   8.7125031966915636e-02   6.6292035431658691e-01   2.4995461371649752e-01
   2.4979563048494763e-01   3.6958774344954259e-01   3.8061662606550983e-01
   6.6202218215113762e-03   2.6144417378329526e-01   7.3193560439519334e-01
   7.2405134940635851e-01   9.0382036144090225e-02   1.8556661444955122e-01
   3.1297472479334892e-01   6.1867431886133406e-01   6.8350956345316891e-02
