ARMA_MAT_TXT_FN008
100 3
   9.9045057803054970e-01   6.8055628454674168e-03   2.7438591239829836e-03
   9.8167558126821364e-01   9.8492603176277161e-03   8.4751584141587542e-03
   9.7356079654111161e-01   2.2703500005816408e-02   3.7357034530720282e-03
   9.7092080894723154e-01   8.6563999584825402e-03   2.0422791094285749e-02
   9.9025820276550669e-01   5.0184199989324139e-04   9.2399552346001234e-03
   9.5721119277358013e-01   3.8317690110403896e-02   4.4711171160159505e-03
   9.8424358734327344e-01   4.0427560205067593e-03   1.1713656636219715e-02
   9.6602873186253835e-01   2.4462971657856072e-02   9.5082964796054971e-03
   9.9091952706954189e-01   3.9519897112057605e-03   5.1284832192523173e-03
   9.8827428939319384e-01   6.6201405268179348e-03   5.1055700799882003e-03
   9.7390183580104295e-01   1.7944003017145171e-02   8.1541611818119093e-03
   9.2391274024164505e-01   1.2267688434286529e-02   6.3819571324068444e-02
   9.9131041111517204e-01   8.6085716696151261e-03   8.1017215212677974e-05
   9.8599159882966669e-01   1.2857424368435146e-02   1.1509768018981199e-03
   9.8056802834195833e-01   6.2100494846074265e-04   1.8810966709581052e-02
   9.9878220681690333e-01   1.1175524026414186e-03   1.0024078045527182e-04
   9.6931428154955046e-01   2.9397103212323739e-02   1.2886152381258883e-03
   9.9290557694988124e-01   6.0964096464338636e-03   9.9801340368485428e-04
   9.9245263486804969e-01   1.0324194861704931e-03   6.5149456457798465e-03
   9.5817429983506996e-01   4.1392373954221538e-02   4.3332621070840980e-04
   2.1058218690486460e-02   9.7128804331025009e-01   7.6537379992634227e-03
   9.8369282312327179e-04   9.9468978584858947e-01   4.3265213282873772e-03
   7.5278947510809520e-03   9.7860411638427214e-01   1.3867988864646946e-02
   1.1561932106055732e-02   9.8762637986336332e-01   8.1168803058099235e-04
   7.0599364766869184e-03   9.8656081295065523e-01   6.3792505726578685e-03
   1.0438672108176086e-02   9.6535936958987323e-01   2.4201958301950797e-02
   1.7213419925182594e-02   9.7667633759218897e-01   6.1102424826283974e-03
   1.8675367166602581e-02   9.6878969184510444e-01   1.2534940988293003e-02
   1.0738544355270798e-02   9.8143818892858248e-01   7.8232667161465385e-03
   4.7556359620884933e-03   9.7047878805728094e-01   2.4765575980630634e-02
   4.8031810165731563e-04   9.9893078125411483e-01   5.8890064422778934e-04
   8.1866182268817804e-04   9.9528702585813267e-01   3.8943123191791619e-03
   1.1617452851239477e-02   9.8731302084935835e-01   1.0695262994021464e-03
   4.4478709524279287e-03   9.8625763679538303e-01   9.2944922521890558e-03
   3.2114433197390729e-03   9.9442991960390403e-01   2.3586370763568438e-03
   8.0870559229461788e-03   9.8621565182909510e-01   5.6972922479586680e-03
   6.0561391518190290e-03   9.8680204938013205e-01   7.1418114680488424e-03
   1.2541237973797007e-02   9.8210442549416221e-01   5.3543365320407061e-03
   2.9944279637518852e-03   9.8994876018790423e-01   7.0568118483439243e-03
   1.0547285102957439e-02   9.7868852245155968e-01   1.0764192445482932e-02
   4.4707831156628623e-04   2.6051254167251963e-03   9.9694779627170860e-01
   3.3367725608551155e-02   6.0235526684011137e-03   9.6060872172304768e-01
   1.8340258343932558e-02   1.4023164599866828e-02   9.6763657705620065e-01
   4.4230786582942034e-03   2.9328265269097744e-03   9.9264409481479599e-01
   8.6691799230073467e-03   6.5370767402853974e-03   9.8479374333670733e-01
   1.4206699318731279e-04   1.4344145722832755e-02   9.8551378728397998e-01
   1.0048640418151875e-02   3.2994039069112416e-03   9.8665195567493680e-01
   4.1304422216772380e-03   8.8362880061338585e-03   9.8703326977218886e-01
   6.5216403738736113e-03   8.0094149351410526e-03   9.8546894469098534e-01
   3.6013171234984917e-02   2.2253222145277112e-03   9.6176150655048742e-01
   2.7852258249862649e-02   4.0997166728483168e-03   9.6804802507728904e-01
   9.1868294032498143e-03   2.5911813974599462e-02   9.6490135662215082e-01
   9.9195391397967304e-04   4.8314698142959747e-04   9.9852489910459075e-01
   7.3487247490309901e-03   3.8197134034612598e-02   9.5445414121635641e-01
   4.2600711728252409e-03   8.5897614765167770e-03   9.8715016735065797e-01
   7.4476385263768535e-04   5.5705027645793553e-03   9.9368473338278285e-01
   9.0764065060402414e-03   5.4166452786893193e-03   9.8550694821527041e-01
   2.5345283883057787e-05   3.9036501617232791e-03   9.9607100455439368e-01
   8.9738863852562266e-03   1.4448389973323098e-02   9.7657772364142070e-01
   2.6206999147814331e-03   9.7185936876139766e-04   9.9640744071645715e-01
   5.3673835364792377e-01   4.5882368170655785e-01   4.4379646455183471e-03
   8.6857403250641907e-01   1.1023194397752718e-01   2.1194023516053730e-02
   6.6812621608336065e-01   2.8732724167560059e-01   4.4546542241038732e-02
   5.4428587649093674e-01   1.8548529324203800e-03   4.5385927057664283e-01
   1.9491966309002410e-04   7.6022238826827249e-01   2.3958269206863747e-01
   4.4930027968717778e-01   5.0353343005208873e-01   4.7166290260733414e-02
   1.3875052695362072e-01   3.9684086575398564e-01   4.6440860729239347e-01
   1.3543657873025897e-02   2.4327992598033032e-01   7.4317641614664387e-01
   2.8711827621436142e-01   1.9871914756322320e-01   5.1416257622241535e-01
   1.4343819096941846e-01   2.7844006885266126e-01   5.7812174017792028e-01
   8.8931313469761120e-01   1.0652832060433595e-01   4.1585446980527078e-03
   4.6358717679160930e-02   2.0704597695210070e-01   7.4659530536873830e-01
   8.6365248869139355e-01   5.5488148278136522e-02   8.0859363030469922e-02
   3.1352509311442994e-01   3.7639830786338119e-01   3.1007659902218893e-01
   1.4582263348489630e-01   6.4052348790690300e-02   7.9012501772441346e-01
   2.9152849774347006e-01   5.2600016618855372e-01   1.8247133606797622e-01
   3.5305189884299110e-01   2.4958094019126817e-01   3.9736716096574076e-01
   7.6872601302414367e-01   2.2380778044345234e-01   7.4662065324040041e-03
   4.7174605379067891e-01   5.1577840000853648e-01   1.2475546200784601e-02
   1.9094386733818380e-01   2.0386447516884451e-01   6.0519165749297166e-01
   5.5014073649857465e-01   2.4816284440570466e-04   4.4961110065701954e-01
   1.5834016339007415e-01   6.8031211904474764e-01   1.6134771756517818e-01
   9.1291822111227883e-01   1.0201028960162449e-02   7.6880749927558723e-02
   5.7216763768871901e-02   4.2546582596290411e-01   5.1731741026822409e-01
   4.1739673668177035e-01   2.1669402635121868e-01   3.6590923696701094e-01
   2.5903085788430057e-02   4.1448183056788845e-01   5.5961508364368140e-01
   3.8071078883562142e-04   3.3062788359508843e-01   6.6899140561607595e-01
   4.5374820773589719e-01   2.3621364280484855e-01   3.1003814945925434e-01
   2.3638396996884573e-01   3.4651768028438196e-01   4.1709834974677229e-01
   5.3280761837157090e-04   7.6409978848928539e-01   2.3536740389234315e-01
   2.1371402979500059e-01   7.8469129251071013e-01   1.5946776942892308e-03
   5.0888887667226990e-01   1.3113567707115952e-02   4.7799755562061419e-01
   1.4547693803830150e-01   2.2542988943036989e-03   8.5226876306739485e-01
   2.9209029642622050e-02   7.9629806830613403e-01   1.7449290205124399e-01
   8.4098801878466148e-02   4.6220744045226142e-01   4.5369375766927239e-01
   5.1018751990840383e-01   8.7071794547405129e-02   4.0274068554419107e-01
   7.0542837472019823e-02   9.1799802647952022e-01   1.1459136048460031e-02
   1.1299019466918592e-01   1.0183347617572652e-04   8.8690797185463832e-01
   6.6850944618711283e-01   1.6187336663136428e-04   3.3132868044625585e-01
   3.1093591370771584e-01   6.6366559071592002e-01   2.5398495576364203e-02
